 Lambda_inv:    0.0000000000000000     
 Lambda_visc:    0.0000000000000000     
 CFL_m:    2.1600000000000001E-002
 CFL_p:    2.1600000000000001E-002
 Vol:    1.3888888888888887E-003
 Re:    400.00000000000000     
 dx:   0.14999999999999999     
 dy:    9.2592592592592587E-003
 rho:    1.0000000000000000     
 xmin:  -0.10000000000000001     
 xmax:    5.0000000000000000     
 kappa:    0.0000000000000000     
